0 0 0 0 0 0 0 0 0 0 0 0 0 0 0 
0 0 0 0 0 0 0 0 0 0 0 0 0 0 0 
0 0 0 0 0 0 0 0 0 0 0 0 0 0 0 
0 0 0 0 0 0 0 0 0 0 0 0 0 0 0 
0 0 0 0 0 0 0 0 0 0 0 0 0 0 0 
0 0 0 0 0 0 0 0 0 0 0 0 0 0 0 
0 0 0 0 0 0 0 0 0 0 0 0 0 0 0 
0 0 0 0 0 0 0 0 0 0 0 0 0 0 0 
0 0 0 0 0 0 0 0 0 0 0 0 0 0 0 
0 0 0 0 0 0 0 0 0 0 0 0 0 0 0 
0 0 0 0 0 0 0 0 0 0 0 0 0 0 0 
0 0 0 0 0 0 0 0 0 0 0 0 0 0 0 
0 0 0 0 0 0 0 0 0 0 0 0 0 0 0 
0 0 0 0 0 0 0 0 0 0 0 0 0 0 0 
0 0 0 0 0 0 0 0 0 0 0 0 0 0 0 

0 0 0 0 0 0 0 0 0 0 0 0 0 0 0 
0 -0.50435 -0.806714 -0.989021 -1.08597 -1.11482 -1.08625 -1.00889 -0.891247 -0.742699 -0.573945 -0.39737 -0.227803 -0.0847919 0 
0 -0.806714 -1.28917 -1.56723 -1.69849 -1.71488 -1.63764 -1.48422 -1.2714 -1.01697 -0.740612 -0.464876 -0.217431 -0.0378368 0 
0 -0.989021 -1.57119 -1.89267 -2.02583 -2.01291 -1.88356 -1.66265 -1.37416 -1.04311 -0.696878 -0.366882 -0.0924819 0.0676606 0 
0 -1.08597 -1.7116 -2.04239 -2.15984 -2.11262 -1.93604 -1.66048 -1.31548 -0.931906 -0.543465 -0.189055 0.081817 0.193866 0 
0 -1.11482 -1.74229 -2.05968 -2.15283 -2.07331 -1.85939 -1.54482 -1.16288 -0.748603 -0.340451 0.016855 0.265756 0.317817 0 
0 -1.08625 -1.68379 -1.97305 -2.03948 -1.93429 -1.69616 -1.36002 -0.960996 -0.53645 -0.127831 0.216271 0.432749 0.424129 0 
0 -1.00889 -1.55232 -1.80473 -1.84648 -1.72535 -1.47807 -1.13869 -0.742202 -0.326489 0.0659565 0.38481 0.564208 0.502128 0 
0 -0.891247 -1.36312 -1.57479 -1.5971 -1.47164 -1.23104 -0.906582 -0.53136 -0.141898 0.220213 0.505166 0.647274 0.544639 0 
0 -0.742699 -1.13203 -1.30316 -1.31339 -1.19583 -0.977313 -0.68479 -0.347824 0.000131777 0.32032 0.565715 0.673784 0.54743 0 
0 -0.573945 -0.87628 -1.01034 -1.01676 -0.918671 -0.735963 -0.490117 -0.205862 0.0879658 0.357265 0.560033 0.639847 0.508944 0 
0 -0.39737 -0.614744 -0.717349 -0.727565 -0.658143 -0.521794 -0.333951 -0.113577 0.116407 0.328254 0.487175 0.545824 0.430158 0 
0 -0.227803 -0.367978 -0.444461 -0.462588 -0.426243 -0.341749 -0.218584 -0.0694273 0.0897432 0.23908 0.3532 0.39694 0.314534 0 
0 -0.0847919 -0.157394 -0.206831 -0.228187 -0.220467 -0.185556 -0.12767 -0.0530715 0.02997 0.110903 0.175954 0.20564 0.168117 0 
0 0 0 0 0 0 0 0 0 0 0 0 0 0 0 

0 0 0 0 0 0 0 0 0 0 0 0 0 0 0 
0 -0.806714 -1.28917 -1.57119 -1.7116 -1.74229 -1.68379 -1.55232 -1.36312 -1.13203 -0.87628 -0.614744 -0.367978 -0.157394 0 
0 -1.28917 -2.07873 -2.52941 -2.73377 -2.74839 -2.61251 -2.35799 -2.01453 -1.61243 -1.18397 -0.764481 -0.39378 -0.119026 0 
0 -1.56723 -2.52941 -3.0645 -3.28316 -3.25804 -3.04245 -2.6811 -2.21609 -1.69017 -1.14877 -0.641953 -0.227831 0.0203002 0 
0 -1.69849 -2.73377 -3.29264 -3.49445 -3.42064 -3.13355 -2.68708 -2.13284 -1.52359 -0.915641 -0.37175 0.0337275 0.204065 0 
0 -1.71488 -2.74839 -3.28847 -3.4558 -3.33463 -2.99142 -2.48543 -1.87452 -1.21855 -0.582109 -0.0379287 0.326448 0.395262 0 
0 -1.63764 -2.61251 -3.105 -3.23054 -3.07073 -2.69174 -2.15434 -1.51926 -0.850383 -0.217477 0.29991 0.60488 0.568005 0 
0 -1.48422 -2.35799 -2.7851 -2.86937 -2.6849 -2.29352 -1.75391 -1.12636 -0.475547 0.126842 0.598008 0.835997 0.703655 0 
0 -1.2714 -2.01453 -2.36767 -2.41714 -2.2253 -1.84615 -1.33309 -0.742846 -0.137727 0.411987 0.824002 0.995884 0.788988 0 
0 -1.01697 -1.61243 -1.89088 -1.91622 -1.7357 -1.39273 -0.932856 -0.4065 0.129338 0.60908 0.954739 1.06809 0.815304 0 
0 -0.740612 -1.18397 -1.39375 -1.40788 -1.25656 -0.97098 -0.587016 -0.146646 0.301069 0.698385 0.975408 1.04285 0.77793 0 
0 -0.464876 -0.764481 -0.916487 -0.931923 -0.824078 -0.611889 -0.320791 0.0171744 0.363071 0.669905 0.879641 0.916777 0.675834 0 
0 -0.217431 -0.39378 -0.50004 -0.524389 -0.466745 -0.335667 -0.146575 0.0791758 0.3145 0.525832 0.670789 0.692909 0.510992 0 
0 -0.0378368 -0.119026 -0.183888 -0.211917 -0.197647 -0.143123 -0.0551768 0.055638 0.175351 0.286206 0.365298 0.381238 0.28654 0 
0 0 0 0 0 0 0 0 0 0 0 0 0 0 0 

0 0 0 0 0 0 0 0 0 0 0 0 0 0 0 
0 -0.989021 -1.56723 -1.89267 -2.04239 -2.05968 -1.97305 -1.80473 -1.57479 -1.30316 -1.01034 -0.717349 -0.444461 -0.206831 0 
0 -1.57119 -2.52941 -3.0645 -3.29264 -3.28847 -3.105 -2.7851 -2.36767 -1.89088 -1.39375 -0.916487 -0.50004 -0.183888 0 
0 -1.89267 -3.0645 -3.70993 -3.96193 -3.91366 -3.63571 -3.1874 -2.62349 -1.99802 -1.36638 -0.786566 -0.320293 -0.0341572 0 
0 -2.02583 -3.28316 -3.96193 -4.19938 -4.09723 -3.73652 -3.18794 -2.51827 -1.79423 -1.08496 -0.4641 -0.0124507 0.178021 0 
0 -2.01291 -3.25804 -3.91366 -4.11262 -3.95732 -3.53278 -2.91586 -2.18103 -1.40406 -0.664553 -0.0487175 0.346713 0.408446 0 
0 -1.88356 -3.04245 -3.63571 -3.78449 -3.58521 -3.1211 -2.47019 -1.71028 -0.922139 -0.19209 0.384897 0.700352 0.624903 0 
0 -1.66265 -2.6811 -3.1874 -3.28435 -3.05665 -2.58067 -1.93102 -1.18455 -0.422938 0.264879 0.77945 1.00542 0.803266 0 
0 -1.37416 -2.21609 -2.62349 -2.67498 -2.43873 -1.98 -1.36597 -0.668583 0.0335547 0.653101 1.09069 1.22929 0.925564 0 
0 -1.04311 -1.69017 -1.99802 -2.01647 -1.7936 -1.3804 -0.833469 -0.216429 0.398921 0.930956 1.28506 1.34795 0.978966 0 
0 -0.696878 -1.14877 -1.36638 -1.36797 -1.17986 -0.837133 -0.383726 0.12768 0.635381 1.06742 1.33861 1.345 0.95514 0 
0 -0.366882 -0.641953 -0.786566 -0.788003 -0.652059 -0.398377 -0.0575795 0.330337 0.716486 1.04226 1.23664 1.21086 0.849557 0 
0 -0.0924819 -0.227831 -0.320293 -0.333445 -0.258285 -0.102122 0.116836 0.372052 0.629579 0.847562 0.974 0.941841 0.660064 0 
0 0.0676606 0.0203002 -0.0341572 -0.0566739 -0.0351677 0.0297369 0.130092 0.25281 0.380419 0.490829 0.555937 0.538191 0.382908 0 
0 0 0 0 0 0 0 0 0 0 0 0 0 0 0 

0 0 0 0 0 0 0 0 0 0 0 0 0 0 0 
0 -1.08597 -1.69849 -2.02583 -2.15984 -2.15283 -2.03948 -1.84648 -1.5971 -1.31339 -1.01676 -0.727565 -0.462588 -0.228187 0 
0 -1.7116 -2.73377 -3.28316 -3.49445 -3.4558 -3.23054 -2.86937 -2.41714 -1.91622 -1.40788 -0.931923 -0.524389 -0.211917 0 
0 -2.04239 -3.29264 -3.96193 -4.19938 -4.11262 -3.78449 -3.28435 -2.67498 -2.01647 -1.36797 -0.788003 -0.333445 -0.0566739 0 
0 -2.15984 -3.49445 -4.19938 -4.4232 -4.2807 -3.86546 -3.25923 -2.53817 -1.77652 -1.04866 -0.43001 0.00257828 0.171351 0 
0 -2.11262 -3.42064 -4.09723 -4.2807 -4.0838 -3.60312 -2.92666 -2.13896 -1.32427 -0.568665 0.0384965 0.403172 0.425436 0 
0 -1.93604 -3.13355 -3.73652 -3.86546 -3.62361 -3.104 -2.39509 -1.58471 -0.762676 -0.0226411 0.536057 0.806207 0.670346 0 
0 -1.66048 -2.68708 -3.18794 -3.25923 -2.98859 -2.45982 -1.75665 -0.965388 -0.176776 0.512428 0.997443 1.16272 0.878695 0 
0 -1.31548 -2.13284 -2.51827 -2.53817 -2.25971 -1.75289 -1.09228 -0.358262 0.361981 0.973201 1.37006 1.43396 1.02915 0 
0 -0.931906 -1.52359 -1.79423 -1.77652 -1.51384 -1.05914 -0.474431 0.169566 0.793342 1.30773 1.61186 1.5897 1.10546 0 
0 -0.543465 -0.915641 -1.08496 -1.04866 -0.825188 -0.449134 0.0321169 0.560357 1.06736 1.4744 1.69021 1.60712 1.09575 0 
0 -0.189055 -0.37175 -0.4641 -0.43001 -0.265412 0.0123639 0.370936 0.766373 1.14471 1.44176 1.58107 1.46967 0.991525 0 
0 0.081817 0.0337275 -0.0124507 0.00257828 0.0976658 0.26848 0.49622 0.751891 0.998081 1.18894 1.26826 1.16508 0.785545 0 
0 0.193866 0.204065 0.178021 0.171351 0.202811 0.273895 0.376577 0.496598 0.614737 0.706821 0.742433 0.681483 0.466122 0 
0 0 0 0 0 0 0 0 0 0 0 0 0 0 0 

0 0 0 0 0 0 0 0 0 0 0 0 0 0 0 
0 -1.11482 -1.71488 -2.01291 -2.11262 -2.07331 -1.93429 -1.72535 -1.47164 -1.19583 -0.918671 -0.658143 -0.426243 -0.220467 0 
0 -1.74229 -2.74839 -3.25804 -3.42064 -3.33463 -3.07073 -2.6849 -2.2253 -1.7357 -1.25656 -0.824078 -0.466745 -0.197647 0 
0 -2.05968 -3.28847 -3.91366 -4.09723 -3.95732 -3.58521 -3.05665 -2.43873 -1.7936 -1.17986 -0.652059 -0.258285 -0.0351677 0 
0 -2.15283 -3.4558 -4.11262 -4.2807 -4.0838 -3.62361 -2.98859 -2.25971 -1.51384 -0.825188 -0.265412 0.0976658 0.202811 0 
0 -2.07331 -3.33463 -3.95732 -4.0838 -3.83319 -3.30906 -2.60575 -1.81268 -1.01709 -0.305376 0.236404 0.522828 0.470323 0 
0 -1.85939 -2.99142 -3.53278 -3.60312 -3.30906 -2.74891 -2.01661 -1.20467 -0.405984 0.285028 0.771679 0.95457 0.73169 0 
0 -1.54482 -2.48543 -2.91586 -2.92666 -2.60575 -2.0402 -1.31811 -0.529923 0.230596 0.865584 1.2722 1.34162 0.958201 0 
0 -1.16288 -1.87452 -2.18103 -2.13896 -1.81268 -1.27346 -0.598918 0.127131 0.814703 1.36723 1.68062 1.64169 1.12656 0 
0 -0.748603 -1.21855 -1.40406 -1.32427 -1.01709 -0.534845 0.0586939 0.6902 1.27773 1.73071 1.94885 1.8201 1.21804 0 
0 -0.340451 -0.582109 -0.664553 -0.568665 -0.305376 0.092932 0.578262 1.0906 1.55975 1.90562 2.03696 1.84864 1.21778 0 
0 0.016855 -0.0379287 -0.0487175 0.0384965 0.236404 0.53081 0.889556 1.26761 1.60955 1.84998 1.91211 1.70415 1.11355 0 
0 0.265756 0.326448 0.346713 0.403172 0.522828 0.70449 0.929948 1.16964 1.38519 1.52988 1.54702 1.3658 0.893152 0 
0 0.317817 0.395262 0.408446 0.425436 0.470323 0.546602 0.646691 0.756095 0.855134 0.919194 0.91754 0.809828 0.537416 0 
0 0 0 0 0 0 0 0 0 0 0 0 0 0 0 

0 0 0 0 0 0 0 0 0 0 0 0 0 0 0 
0 -1.08625 -1.63764 -1.88356 -1.93604 -1.85939 -1.69616 -1.47807 -1.23104 -0.977313 -0.735963 -0.521794 -0.341749 -0.185556 0 
0 -1.68379 -2.61251 -3.04245 -3.13355 -2.99142 -2.69174 -2.29352 -1.84615 -1.39273 -0.97098 -0.611889 -0.335667 -0.143123 0 
0 -1.97305 -3.105 -3.63571 -3.73652 -3.53278 -3.1211 -2.58067 -1.98 -1.3804 -0.837133 -0.398377 -0.102122 0.0297369 0 
0 -2.03948 -3.23054 -3.78449 -3.86546 -3.60312 -3.104 -2.45982 -1.75289 -1.05914 -0.449134 0.0123639 0.26848 0.273895 0 
0 -1.93429 -3.07073 -3.58521 -3.62361 -3.30906 -2.74891 -2.0402 -1.27346 -0.534845 0.092932 0.53081 0.70449 0.546602 0 
0 -1.69616 -2.69174 -3.1211 -3.104 -2.74891 -2.15657 -1.42291 -0.641136 0.0970147 0.700736 1.08011 1.14653 0.813784 0 
0 -1.36002 -2.15434 -2.47019 -2.39509 -2.01661 -1.42291 -0.703196 0.0517792 0.7495 1.29552 1.59332 1.54413 1.04707 0 
0 -0.960996 -1.51926 -1.71028 -1.58471 -1.20467 -0.641136 0.0279414 0.718858 1.34292 1.80671 2.01178 1.85395 1.22255 0 
0 -0.53645 -0.850383 -0.922139 -0.762676 -0.405984 0.0970147 0.682924 1.27886 1.80416 2.17103 2.28404 2.03882 1.32009 0 
0 -0.127831 -0.217477 -0.19209 -0.0226411 0.285028 0.700736 1.17736 1.65555 2.06632 2.3319 2.36502 2.06666 1.32267 0 
0 0.216271 0.29991 0.384897 0.536057 0.771679 1.08011 1.43029 1.77791 2.06859 2.23878 2.21469 1.90895 1.21508 0 
0 0.432749 0.60488 0.700352 0.806207 0.95457 1.14653 1.36487 1.58063 1.75623 1.84623 1.79598 1.53745 0.980878 0 
0 0.424129 0.568005 0.624903 0.670346 0.73169 0.813784 0.909596 1.00497 1.08065 1.11275 1.07157 0.918084 0.594687 0 
0 0 0 0 0 0 0 0 0 0 0 0 0 0 0 

0 0 0 0 0 0 0 0 0 0 0 0 0 0 0 
0 -1.00889 -1.48422 -1.66265 -1.66048 -1.54482 -1.36002 -1.13869 -0.906582 -0.68479 -0.490117 -0.333951 -0.218584 -0.12767 0 
0 -1.55232 -2.35799 -2.6811 -2.68708 -2.48543 -2.15434 -1.75391 -1.33309 -0.932856 -0.587016 -0.320791 -0.146575 -0.0551768 0 
0 -1.80473 -2.7851 -3.1874 -3.18794 -2.91586 -2.47019 -1.93102 -1.36597 -0.833469 -0.383726 -0.0575795 0.116836 0.130092 0 
0 -1.84648 -2.86937 -3.28435 -3.25923 -2.92666 -2.39509 -1.75665 -1.09228 -0.474431 0.0321169 0.370936 0.49622 0.376577 0 
0 -1.72535 -2.6849 -3.05665 -2.98859 -2.60575 -2.01661 -1.31811 -0.598918 0.0586939 0.578262 0.889556 0.929948 0.646691 0 
0 -1.47807 -2.29352 -2.58067 -2.45982 -2.0402 -1.42291 -0.703196 0.0279414 0.682924 1.17736 1.43029 1.36487 0.909596 0 
0 -1.13869 -1.75391 -1.93102 -1.75665 -1.31811 -0.703196 -1.35077e-15 0.703196 1.31811 1.75665 1.93102 1.75391 1.13869 0 
0 -0.742202 -1.12636 -1.18455 -0.965388 -0.529923 0.0517792 0.703196 1.34319 1.8872 2.24785 2.33493 2.05501 1.31068 0 
0 -0.326489 -0.475547 -0.422938 -0.176776 0.230596 0.7495 1.31811 1.86603 2.31646 2.5871 2.59003 2.2305 1.40515 0 
0 0.0659565 0.126842 0.264879 0.512428 0.865584 1.29552 1.75665 2.19184 2.53551 2.71468 2.64854 2.24631 1.40394 0 
0 0.38481 0.598008 0.77945 0.997443 1.2722 1.59332 1.93102 2.24284 2.47713 2.57423 2.46553 2.07026 1.28983 0 
0 0.564208 0.835997 1.00542 1.16272 1.34162 1.54413 1.75391 1.9433 2.07667 2.11138 1.99647 1.66857 1.04329 0 
0 0.502128 0.703655 0.803266 0.878695 0.958201 1.04707 1.13869 1.21953 1.2714 1.2719 1.19334 0.99915 0.634433 0 
0 0 0 0 0 0 0 0 0 0 0 0 0 0 0 

0 0 0 0 0 0 0 0 0 0 0 0 0 0 0 
0 -0.891247 -1.2714 -1.37416 -1.31548 -1.16288 -0.960996 -0.742202 -0.53136 -0.347824 -0.205862 -0.113577 -0.0694273 -0.0530715 0 
0 -1.36312 -2.01453 -2.21609 -2.13284 -1.87452 -1.51926 -1.12636 -0.742846 -0.4065 -0.146646 0.0171744 0.0791758 0.055638 0 
0 -1.57479 -2.36767 -2.62349 -2.51827 -2.18103 -1.71028 -1.18455 -0.668583 -0.216429 0.12768 0.330337 0.372052 0.25281 0 
0 -1.5971 -2.41714 -2.67498 -2.53817 -2.13896 -1.58471 -0.965388 -0.358262 0.169566 0.560357 0.766373 0.751891 0.496598 0 
0 -1.47164 -2.2253 -2.43873 -2.25971 -1.81268 -1.20467 -0.529923 0.127131 0.6902 1.0906 1.26761 1.16964 0.756095 0 
0 -1.23104 -1.84615 -1.98 -1.75289 -1.27346 -0.641136 0.0517792 0.718858 1.27886 1.65555 1.77791 1.58063 1.00497 0 
0 -0.906582 -1.33309 -1.36597 -1.09228 -0.598918 0.0279414 0.703196 1.34319 1.86603 2.19184 2.24284 1.9433 1.21953 0 
0 -0.53136 -0.742846 -0.668583 -0.358262 0.127131 0.718858 1.34319 1.92341 2.38112 2.63687 2.61017 2.21887 1.37825 0 
0 -0.141898 -0.137727 0.0335547 0.361981 0.814703 1.34292 1.8872 2.38112 2.75351 2.92946 2.83006 2.37119 1.46149 0 
0 0.220213 0.411987 0.653101 0.973201 1.36723 1.80671 2.24785 2.63687 2.91306 3.00994 2.85471 2.36613 1.45104 0 
0 0.505166 0.824002 1.09069 1.37006 1.68062 2.01178 2.33493 2.61017 2.78976 2.81935 2.63697 2.16988 1.32879 0 
0 0.647274 0.995884 1.22929 1.43396 1.64169 1.85395 2.05501 2.21887 2.31268 2.29762 2.12763 1.74532 1.07349 0 
0 0.544639 0.788988 0.925564 1.02915 1.12656 1.22255 1.31068 1.37825 1.40851 1.3811 1.27105 1.04515 0.652675 0 
0 0 0 0 0 0 0 0 0 0 0 0 0 0 0 

0 0 0 0 0 0 0 0 0 0 0 0 0 0 0 
0 -0.742699 -1.01697 -1.04311 -0.931906 -0.748603 -0.53645 -0.326489 -0.141898 0.000131777 0.0879658 0.116407 0.0897432 0.02997 0 
0 -1.13203 -1.61243 -1.69017 -1.52359 -1.21855 -0.850383 -0.475547 -0.137727 0.129338 0.301069 0.363071 0.3145 0.175351 0 
0 -1.30316 -1.89088 -1.99802 -1.79423 -1.40406 -0.922139 -0.422938 0.0335547 0.398921 0.635381 0.716486 0.629579 0.380419 0 
0 -1.31339 -1.91622 -2.01647 -1.77652 -1.32427 -0.762676 -0.176776 0.361981 0.793342 1.06736 1.14471 0.998081 0.614737 0 
0 -1.19583 -1.7357 -1.7936 -1.51384 -1.01709 -0.405984 0.230596 0.814703 1.27773 1.55975 1.60955 1.38519 0.855134 0 
0 -0.977313 -1.39273 -1.3804 -1.05914 -0.534845 0.0970147 0.7495 1.34292 1.80416 2.06632 2.06859 1.75623 1.08065 0 
0 -0.68479 -0.932856 -0.833469 -0.474431 0.0586939 0.682924 1.31811 1.8872 2.31646 2.53551 2.47713 2.07667 1.2714 0 
0 -0.347824 -0.4065 -0.216429 0.169566 0.6902 1.27886 1.86603 2.38112 2.75351 2.91306 2.78976 2.31268 1.40851 0 
0 0.000131777 0.129338 0.398921 0.793342 1.27773 1.80416 2.31646 2.75351 3.05126 3.14348 2.96125 2.43143 1.47411 0 
0 0.32032 0.60908 0.930956 1.30773 1.73071 2.17103 2.5871 2.92946 3.14348 3.17038 2.94643 2.40066 1.45103 0 
0 0.565715 0.954739 1.28506 1.61186 1.94885 2.28404 2.59003 2.83006 2.96125 2.93559 2.6988 2.1871 1.32147 0 
0 0.673784 1.06809 1.34795 1.5897 1.8201 2.03882 2.2305 2.37119 2.43143 2.37697 2.16754 1.75273 1.06392 0 
0 0.54743 0.815304 0.978966 1.10546 1.21804 1.32009 1.40515 1.46149 1.47411 1.42514 1.2928 1.04795 0.645349 0 
0 0 0 0 0 0 0 0 0 0 0 0 0 0 0 

0 0 0 0 0 0 0 0 0 0 0 0 0 0 0 
0 -0.573945 -0.740612 -0.696878 -0.543465 -0.340451 -0.127831 0.0659565 0.220213 0.32032 0.357265 0.328254 0.23908 0.110903 0 
0 -0.87628 -1.18397 -1.14877 -0.915641 -0.582109 -0.217477 0.126842 0.411987 0.60908 0.698385 0.669905 0.525832 0.286206 0 
0 -1.01034 -1.39375 -1.36638 -1.08496 -0.664553 -0.19209 0.264879 0.653101 0.930956 1.06742 1.04226 0.847562 0.490829 0 
0 -1.01676 -1.40788 -1.36797 -1.04866 -0.568665 -0.0226411 0.512428 0.973201 1.30773 1.4744 1.44176 1.18894 0.706821 0 
0 -0.918671 -1.25656 -1.17986 -0.825188 -0.305376 0.285028 0.865584 1.36723 1.73071 1.90562 1.84998 1.52988 0.919194 0 
0 -0.735963 -0.97098 -0.837133 -0.449134 0.092932 0.700736 1.29552 1.80671 2.17103 2.3319 2.23878 1.84623 1.11275 0 
0 -0.490117 -0.587016 -0.383726 0.0321169 0.578262 1.17736 1.75665 2.24785 2.5871 2.71468 2.57423 2.11138 1.2719 0 
0 -0.205862 -0.146646 0.12768 0.560357 1.0906 1.65555 2.19184 2.63687 2.92946 3.00994 2.81935 2.29762 1.3811 0 
0 0.0879658 0.301069 0.635381 1.06736 1.55975 2.06632 2.53551 2.91306 3.14348 3.17038 2.93559 2.37697 1.42514 0 
0 0.357265 0.698385 1.06742 1.4744 1.90562 2.3319 2.71468 3.00994 3.17038 3.14597 2.88294 2.32094 1.38888 0 
0 0.560033 0.975408 1.33861 1.69021 2.03696 2.36502 2.64854 2.85471 2.94643 2.88294 2.61848 2.09894 1.25606 0 
0 0.639847 1.04285 1.345 1.60712 1.84864 2.06666 2.24631 2.36613 2.40066 2.32094 2.09314 1.67463 1.00638 0 
0 0.508944 0.77793 0.95514 1.09575 1.21778 1.32267 1.40394 1.45104 1.45103 1.38888 1.24642 0.999135 0.608266 0 
0 0 0 0 0 0 0 0 0 0 0 0 0 0 0 

0 0 0 0 0 0 0 0 0 0 0 0 0 0 0 
0 -0.39737 -0.464876 -0.366882 -0.189055 0.016855 0.216271 0.38481 0.505166 0.565715 0.560033 0.487175 0.3532 0.175954 0 
0 -0.614744 -0.764481 -0.641953 -0.37175 -0.0379287 0.29991 0.598008 0.824002 0.954739 0.975408 0.879641 0.670789 0.365298 0 
0 -0.717349 -0.916487 -0.786566 -0.4641 -0.0487175 0.384897 0.77945 1.09069 1.28506 1.33861 1.23664 0.974 0.555937 0 
0 -0.727565 -0.931923 -0.788003 -0.43001 0.0384965 0.536057 0.997443 1.37006 1.61186 1.69021 1.58107 1.26826 0.742433 0 
0 -0.658143 -0.824078 -0.652059 -0.265412 0.236404 0.771679 1.2722 1.68062 1.94885 2.03696 1.91211 1.54702 0.91754 0 
0 -0.521794 -0.611889 -0.398377 0.0123639 0.53081 1.08011 1.59332 2.01178 2.28404 2.36502 2.21469 1.79598 1.07157 0 
0 -0.333951 -0.320791 -0.0575795 0.370936 0.889556 1.43029 1.93102 2.33493 2.59003 2.64854 2.46553 1.99647 1.19334 0 
0 -0.113577 0.0171744 0.330337 0.766373 1.26761 1.77791 2.24284 2.61017 2.83006 2.85471 2.63697 2.12763 1.27105 0 
0 0.116407 0.363071 0.716486 1.14471 1.60955 2.06859 2.47713 2.78976 2.96125 2.94643 2.6988 2.16754 1.2928 0 
0 0.328254 0.669905 1.04226 1.44176 1.84998 2.23878 2.57423 2.81935 2.93559 2.88294 2.61848 2.09314 1.24642 0 
0 0.487175 0.879641 1.23664 1.58107 1.91211 2.21469 2.46553 2.63697 2.6988 2.61848 2.3597 1.87873 1.11839 0 
0 0.545824 0.916777 1.21086 1.46967 1.70415 1.90895 2.07026 2.16988 2.1871 2.09894 1.87873 1.49235 0.891114 0 
0 0.430158 0.675834 0.849557 0.991525 1.11355 1.21508 1.28983 1.32879 1.32147 1.25606 1.11839 0.889037 0.536541 0 
0 0 0 0 0 0 0 0 0 0 0 0 0 0 0 

0 0 0 0 0 0 0 0 0 0 0 0 0 0 0 
0 -0.227803 -0.217431 -0.0924819 0.081817 0.265756 0.432749 0.564208 0.647274 0.673784 0.639847 0.545824 0.39694 0.20564 0 
0 -0.367978 -0.39378 -0.227831 0.0337275 0.326448 0.60488 0.835997 0.995884 1.06809 1.04285 0.916777 0.692909 0.381238 0 
0 -0.444461 -0.50004 -0.320293 -0.0124507 0.346713 0.700352 1.00542 1.22929 1.34795 1.345 1.21086 0.941841 0.538191 0 
0 -0.462588 -0.524389 -0.333445 0.00257828 0.403172 0.806207 1.16272 1.43396 1.5897 1.60712 1.46967 1.16508 0.681483 0 
0 -0.426243 -0.466745 -0.258285 0.0976658 0.522828 0.95457 1.34162 1.64169 1.8201 1.84864 1.70415 1.3658 0.809828 0 
0 -0.341749 -0.335667 -0.102122 0.26848 0.70449 1.14653 1.54413 1.85395 2.03882 2.06666 1.90895 1.53745 0.918084 0 
0 -0.218584 -0.146575 0.116836 0.49622 0.929948 1.36487 1.75391 2.05501 2.2305 2.24631 2.07026 1.66857 0.99915 0 
0 -0.0694273 0.0791758 0.372052 0.751891 1.16964 1.58063 1.9433 2.21887 2.37119 2.36613 2.16988 1.74532 1.04515 0 
0 0.0897432 0.3145 0.629579 0.998081 1.38519 1.75623 2.07667 2.31268 2.43143 2.40066 2.1871 1.75273 1.04795 0 
0 0.23908 0.525832 0.847562 1.18894 1.52988 1.84623 2.11138 2.29762 2.37697 2.32094 2.09894 1.67463 0.999135 0 
0 0.3532 0.670789 0.974 1.26826 1.54702 1.79598 1.99647 2.12763 2.16754 2.09314 1.87873 1.49235 0.889037 0 
0 0.39694 0.692909 0.941841 1.16508 1.3658 1.53745 1.66857 1.74532 1.75273 1.67463 1.49235 1.18134 0.704435 0 
0 0.314534 0.510992 0.660064 0.785545 0.893152 0.980878 1.04329 1.07349 1.06392 1.00638 0.891114 0.704435 0.423034 0 
0 0 0 0 0 0 0 0 0 0 0 0 0 0 0 

0 0 0 0 0 0 0 0 0 0 0 0 0 0 0 
0 -0.0847919 -0.0378368 0.0676606 0.193866 0.317817 0.424129 0.502128 0.544639 0.54743 0.508944 0.430158 0.314534 0.168117 0 
0 -0.157394 -0.119026 0.0203002 0.204065 0.395262 0.568005 0.703655 0.788988 0.815304 0.77793 0.675834 0.510992 0.28654 0 
0 -0.206831 -0.183888 -0.0341572 0.178021 0.408446 0.624903 0.803266 0.925564 0.978966 0.95514 0.849557 0.660064 0.382908 0 
0 -0.228187 -0.211917 -0.0566739 0.171351 0.425436 0.670346 0.878695 1.02915 1.10546 1.09575 0.991525 0.785545 0.466122 0 
0 -0.220467 -0.197647 -0.0351677 0.202811 0.470323 0.73169 0.958201 1.12656 1.21804 1.21778 1.11355 0.893152 0.537416 0 
0 -0.185556 -0.143123 0.0297369 0.273895 0.546602 0.813784 1.04707 1.22255 1.32009 1.32267 1.21508 0.980878 0.594687 0 
0 -0.12767 -0.0551768 0.130092 0.376577 0.646691 0.909596 1.13869 1.31068 1.40515 1.40394 1.28983 1.04329 0.634433 0 
0 -0.0530715 0.055638 0.25281 0.496598 0.756095 1.00497 1.21953 1.37825 1.46149 1.45104 1.32879 1.07349 0.652675 0 
0 0.02997 0.175351 0.380419 0.614737 0.855134 1.08065 1.2714 1.40851 1.47411 1.45103 1.32147 1.06392 0.645349 0 
0 0.110903 0.286206 0.490829 0.706821 0.919194 1.11275 1.2719 1.3811 1.42514 1.38888 1.25606 1.00638 0.608266 0 
0 0.175954 0.365298 0.555937 0.742433 0.91754 1.07157 1.19334 1.27105 1.2928 1.24642 1.11839 0.891114 0.536541 0 
0 0.20564 0.381238 0.538191 0.681483 0.809828 0.918084 0.99915 1.04515 1.04795 0.999135 0.889037 0.704435 0.423034 0 
0 0.168117 0.28654 0.382908 0.466122 0.537416 0.594687 0.634433 0.652675 0.645349 0.608266 0.536541 0.423034 0.254376 0 
0 0 0 0 0 0 0 0 0 0 0 0 0 0 0 

0 0 0 0 0 0 0 0 0 0 0 0 0 0 0 
0 0 0 0 0 0 0 0 0 0 0 0 0 0 0 
0 0 0 0 0 0 0 0 0 0 0 0 0 0 0 
0 0 0 0 0 0 0 0 0 0 0 0 0 0 0 
0 0 0 0 0 0 0 0 0 0 0 0 0 0 0 
0 0 0 0 0 0 0 0 0 0 0 0 0 0 0 
0 0 0 0 0 0 0 0 0 0 0 0 0 0 0 
0 0 0 0 0 0 0 0 0 0 0 0 0 0 0 
0 0 0 0 0 0 0 0 0 0 0 0 0 0 0 
0 0 0 0 0 0 0 0 0 0 0 0 0 0 0 
0 0 0 0 0 0 0 0 0 0 0 0 0 0 0 
0 0 0 0 0 0 0 0 0 0 0 0 0 0 0 
0 0 0 0 0 0 0 0 0 0 0 0 0 0 0 
0 0 0 0 0 0 0 0 0 0 0 0 0 0 0 
0 0 0 0 0 0 0 0 0 0 0 0 0 0 0 

